00111000000011000000000100000000
00111000000010000000000000000101
10101101100010000000000000000000
00111000000010000000000000000011
10101101100010000000000000000100
00111000000010000000000000000010
10101101100010000000000000001000
00111000000010000000000000000111
10101101100010000000000000001100
00111000000010000000000000001001
10101101100010000000000000010000
00111000000010000000000000000001
10101101100010000000000000010100
00111000000010000000000000001000
10101101100010000000000000011000
00111000000101000000000000000100
10101101100101000000000000011100
00111000000010000000000000000110
10101101100010000000000000100000
00111000000010000000000000000000
10101101100010000000000000100100
00111000000010000000000000100100
00001000000000000000000000101010
00111000000000000000000000000000
00111000000010010000000000000000
00001000000000000000000000100110
00111000000000000000000000000000
00000000000010011000100000100010
00000001100100011000100000100010
10001110001010100000000000000000
10001110001010110000000000000100
00111000000000000000000000000000
00000001010010111001000000101010
00010110010000000000000000000011
00111000000000000000000000000000
10101110001010110000000000000000
10101110001010100000000000000100
00000001001101000100100000100000
00000001001010001000100000101010
00010110001000001111111111110011
00111000000000000000000000000000
00000001000101000100000000100010
00000000000010001000000000101010
00010110000000001111111111101100
00111000000000000000000000000000
10001101100100000000000000000000
10001101100100010000000000000100
10001101100100100000000000001000
10001101100100110000000000001100
10001101100101000000000000010000
10001101100001000000000000010100
10001101100001010000000000011000
10001101100001100000000000011100
10001101100001110000000000100000
10001101100000100000000000100100
00001000000000000000000000110111
00111000000000000000000000000000